Date,Close,High,Low,Open,Volume
2024-06-03 00:00:00,0.8199999928474426,0.843999981880188,0.800000011920929,0.8349999785423279,78400.0
2024-06-04 00:00:00,0.8199999928474426,0.8550000190734863,0.8100000023841858,0.8399999737739563,72800.0
2024-06-05 00:00:00,0.8100000023841858,0.8399999737739563,0.800000011920929,0.8399999737739563,170200.0
2024-06-06 00:00:00,0.8299999833106995,0.8389999866485596,0.8029999732971191,0.8389999866485596,66400.0
2024-06-07 00:00:00,0.8399999737739563,0.8429999947547913,0.8199999928474426,0.8199999928474426,61000.0
2024-06-10 00:00:00,0.8199999928474426,0.8399999737739563,0.8130000233650208,0.8399999737739563,23800.0
2024-06-11 00:00:00,0.8149999976158142,0.8299999833106995,0.800000011920929,0.8299999833106995,39500.0
2024-06-12 00:00:00,0.8119999766349792,0.8399999737739563,0.8100000023841858,0.8209999799728394,21300.0
2024-06-13 00:00:00,0.824999988079071,0.8399999737739563,0.7749999761581421,0.824999988079071,98700.0
2024-06-14 00:00:00,0.7599999904632568,0.8230000138282776,0.7110000252723694,0.781000018119812,171400.0
2024-06-17 00:00:00,0.7210000157356262,0.7680000066757202,0.7200000286102295,0.7369999885559082,62200.0
2024-06-18 00:00:00,0.753000020980835,0.7889999747276306,0.7400000095367432,0.7400000095367432,148100.0
2024-06-20 00:00:00,0.8259999752044678,0.8389999866485596,0.7599999904632568,0.8389999866485596,121600.0
2024-06-21 00:00:00,0.8209999799728394,0.8399999737739563,0.800000011920929,0.8199999928474426,79400.0
2024-06-24 00:00:00,0.859000027179718,0.8899999856948853,0.8299999833106995,0.8500000238418579,75400.0
2024-06-25 00:00:00,0.9020000100135803,0.9100000262260437,0.8199999928474426,0.8700000047683716,158300.0
2024-06-26 00:00:00,0.8930000066757202,0.9179999828338623,0.8610000014305115,0.8700000047683716,31700.0
2024-06-27 00:00:00,0.9190000295639038,0.9399999976158142,0.8899999856948853,0.8949999809265137,39100.0
2024-06-28 00:00:00,0.9649999737739563,0.9800000190734863,0.8999999761581421,0.9200000166893005,119300.0
2024-07-01 00:00:00,1.0299999713897705,1.0399999618530273,0.9729999899864197,1.0,298300.0
2024-07-02 00:00:00,1.0099999904632568,1.0399999618530273,0.9900000095367432,1.0199999809265137,78300.0
2024-07-03 00:00:00,0.9649999737739563,1.0399999618530273,0.9599999785423279,1.0399999618530273,28100.0
2024-07-05 00:00:00,1.1050000190734863,1.1200000047683716,0.9900000095367432,0.9900000095367432,283100.0
2024-07-08 00:00:00,1.0950000286102295,1.1100000143051147,1.0490000247955322,1.100000023841858,87500.0
2024-07-09 00:00:00,1.090000033378601,1.1100000143051147,1.059999942779541,1.0989999771118164,51300.0
2024-07-10 00:00:00,1.065000057220459,1.100000023841858,0.9900000095367432,0.9900000095367432,102300.0
2024-07-11 00:00:00,1.0499999523162842,1.0800000429153442,1.0099999904632568,1.0399999618530273,70000.0
2024-07-12 00:00:00,1.0700000524520874,1.0700000524520874,1.0199999809265137,1.0199999809265137,16900.0
2024-07-15 00:00:00,1.1399999856948853,1.1799999475479126,1.100000023841858,1.100000023841858,108500.0
2024-07-16 00:00:00,1.2100000381469727,1.2400000095367432,1.149999976158142,1.2400000095367432,176600.0
2024-07-17 00:00:00,1.149999976158142,1.2400000095367432,1.0800000429153442,1.1799999475479126,45800.0
2024-07-18 00:00:00,1.1549999713897705,1.190000057220459,1.149999976158142,1.149999976158142,34000.0
2024-07-19 00:00:00,1.128000020980835,1.190000057220459,1.065000057220459,1.1699999570846558,40500.0
2024-07-22 00:00:00,1.059999942779541,1.159999966621399,1.059999942779541,1.1200000047683716,31900.0
2024-07-23 00:00:00,1.0700000524520874,1.0800000429153442,1.0099999904632568,1.0299999713897705,16900.0
2024-07-24 00:00:00,1.0700000524520874,1.100000023841858,1.0199999809265137,1.0499999523162842,16700.0
2024-07-25 00:00:00,1.100000023841858,1.1100000143051147,1.0219999551773071,1.0800000429153442,32400.0
2024-07-26 00:00:00,1.100000023841858,1.1200000047683716,1.100000023841858,1.100000023841858,23200.0
2024-07-29 00:00:00,1.1200000047683716,1.1200000047683716,1.090000033378601,1.100000023841858,85400.0
2024-07-30 00:00:00,1.215000033378601,1.2300000190734863,1.100000023841858,1.1200000047683716,74700.0
2024-07-31 00:00:00,1.2000000476837158,1.2300000190734863,1.159999966621399,1.2100000381469727,98200.0
2024-08-01 00:00:00,1.149999976158142,1.2100000381469727,1.100000023841858,1.2000000476837158,42500.0
2024-08-02 00:00:00,1.1059999465942383,1.1390000581741333,1.090000033378601,1.100000023841858,12600.0
2024-08-05 00:00:00,1.090000033378601,1.090999960899353,0.8970000147819519,1.0299999713897705,78300.0
2024-08-06 00:00:00,1.0499999523162842,1.1890000104904175,1.0299999713897705,1.0700000524520874,7900.0
2024-08-07 00:00:00,1.0549999475479126,1.0959999561309814,1.0299999713897705,1.065000057220459,18900.0
2024-08-08 00:00:00,1.024999976158142,1.0399999618530273,1.0199999809265137,1.0199999809265137,6100.0
2024-08-09 00:00:00,1.0399999618530273,1.0499999523162842,1.0199999809265137,1.0199999809265137,6000.0
2024-08-12 00:00:00,0.996999979019165,1.0399999618530273,0.9649999737739563,1.0399999618530273,115600.0
2024-08-13 00:00:00,0.9800000190734863,1.0,0.9599999785423279,1.0,18200.0
2024-08-14 00:00:00,0.9350000023841858,1.0199999809265137,0.9350000023841858,0.9700000286102295,51700.0
2024-08-15 00:00:00,0.9259999990463257,0.996999979019165,0.9259999990463257,0.9300000071525574,23200.0
2024-08-16 00:00:00,0.9169999957084656,0.949999988079071,0.8999999761581421,0.9430000185966492,15200.0
2024-08-19 00:00:00,0.9490000009536743,0.9750000238418579,0.9399999976158142,0.949999988079071,23200.0
2024-08-20 00:00:00,0.9300000071525574,0.9399999976158142,0.8999999761581421,0.9300000071525574,23900.0
2024-08-21 00:00:00,0.8999999761581421,0.9769999980926514,0.8970000147819519,0.9769999980926514,76000.0
2024-08-22 00:00:00,0.8809999823570251,0.9300000071525574,0.8799999952316284,0.8899999856948853,25700.0
2024-08-23 00:00:00,0.9279999732971191,0.9290000200271606,0.8999999761581421,0.8999999761581421,5300.0
2024-08-26 00:00:00,0.9300000071525574,0.9399999976158142,0.8859999775886536,0.9399999976158142,44400.0
2024-08-27 00:00:00,0.9150000214576721,0.9300000071525574,0.8899999856948853,0.9010000228881836,13600.0
2024-08-28 00:00:00,0.921999990940094,0.9300000071525574,0.8500000238418579,0.9160000085830688,34100.0
2024-08-29 00:00:00,0.8820000290870667,0.9300000071525574,0.8820000290870667,0.9300000071525574,30400.0
2024-08-30 00:00:00,0.9350000023841858,0.9399999976158142,0.8939999938011169,0.9259999990463257,19900.0
2024-09-03 00:00:00,0.9259999990463257,0.9350000023841858,0.8849999904632568,0.9100000262260437,30100.0
2024-09-04 00:00:00,0.9200000166893005,0.9399999976158142,0.8849999904632568,0.9259999990463257,15900.0
2024-09-05 00:00:00,0.9200000166893005,0.925000011920929,0.8659999966621399,0.9200000166893005,20900.0
2024-09-06 00:00:00,0.8999999761581421,0.9200000166893005,0.8799999952316284,0.9200000166893005,9300.0
2024-09-09 00:00:00,0.9319999814033508,0.9779999852180481,0.8700000047683716,0.9300000071525574,85700.0
2024-09-10 00:00:00,0.9110000133514404,0.9700000286102295,0.8799999952316284,0.8999999761581421,7800.0
2024-09-11 00:00:00,0.925000011920929,0.925000011920929,0.8799999952316284,0.9120000004768372,7000.0
2024-09-12 00:00:00,0.9240000247955322,0.9300000071525574,0.8500000238418579,0.9300000071525574,33600.0
2024-09-13 00:00:00,0.9539999961853027,0.9539999961853027,0.8700000047683716,0.8700000047683716,37000.0
2024-09-16 00:00:00,1.100000023841858,1.149999976158142,0.9700000286102295,1.0,172400.0
2024-09-17 00:00:00,1.1100000143051147,1.1299999952316284,0.9990000128746033,1.1299999952316284,52300.0
2024-09-18 00:00:00,1.1649999618530273,1.190000057220459,1.069000005722046,1.1399999856948853,228500.0
2024-09-19 00:00:00,1.159999966621399,1.190000057220459,1.1299999952316284,1.190000057220459,22200.0
2024-09-20 00:00:00,1.1399999856948853,1.190000057220459,1.1299999952316284,1.1799999475479126,37700.0
2024-09-23 00:00:00,1.0800000429153442,1.1399999856948853,1.0700000524520874,1.1299999952316284,22800.0
2024-09-24 00:00:00,1.0609999895095825,1.0800000429153442,1.059999942779541,1.0800000429153442,8500.0
2024-09-25 00:00:00,1.0499999523162842,1.090000033378601,1.0499999523162842,1.090000033378601,4100.0
2024-09-26 00:00:00,1.0700000524520874,1.1200000047683716,1.0499999523162842,1.0499999523162842,108700.0
2024-09-27 00:00:00,1.0449999570846558,1.0700000524520874,1.0299999713897705,1.0700000524520874,26800.0
2024-09-30 00:00:00,1.090000033378601,1.100000023841858,1.0700000524520874,1.0700000524520874,23000.0
2024-10-01 00:00:00,1.1299999952316284,1.2000000476837158,1.1050000190734863,1.1100000143051147,229100.0
2024-10-02 00:00:00,1.0399999618530273,1.159999966621399,1.0299999713897705,1.1399999856948853,173600.0
2024-10-03 00:00:00,1.090000033378601,1.090000033378601,1.0299999713897705,1.0299999713897705,22200.0
2024-10-04 00:00:00,1.100000023841858,1.1299999952316284,1.059999942779541,1.100000023841858,58200.0
2024-10-07 00:00:00,1.1150000095367432,1.1449999809265137,1.0399999618530273,1.0700000524520874,17700.0
2024-10-08 00:00:00,1.1549999713897705,1.190000057220459,1.1200000047683716,1.1200000047683716,26000.0
2024-10-09 00:00:00,1.1200000047683716,1.159000039100647,1.0800000429153442,1.149999976158142,28600.0
2024-10-10 00:00:00,1.215000033378601,1.2699999809265137,1.1100000143051147,1.1100000143051147,185200.0
2024-10-11 00:00:00,1.2599999904632568,1.2699999809265137,1.190000057220459,1.190000057220459,37600.0
2024-10-14 00:00:00,1.309999942779541,1.3170000314712524,1.2599999904632568,1.2599999904632568,62400.0
2024-10-15 00:00:00,1.3029999732971191,1.347000002861023,1.246999979019165,1.2999999523162842,50000.0
2024-10-16 00:00:00,1.315000057220459,1.350000023841858,1.309999942779541,1.309999942779541,87600.0
2024-10-17 00:00:00,1.350000023841858,1.3700000047683716,1.1399999856948853,1.2899999618530273,176700.0
2024-10-18 00:00:00,1.3200000524520874,1.3639999628067017,1.3200000524520874,1.3300000429153442,55600.0
2024-10-21 00:00:00,1.3200000524520874,1.3619999885559082,1.2999999523162842,1.2999999523162842,56700.0
2024-10-22 00:00:00,1.3350000381469727,1.3480000495910645,1.2799999713897705,1.3140000104904175,133000.0
2024-10-23 00:00:00,1.3200000524520874,1.3380000591278076,1.2999999523162842,1.2999999523162842,17900.0
2024-10-24 00:00:00,1.3380000591278076,1.3380000591278076,1.2999999523162842,1.3250000476837158,40300.0
2024-10-25 00:00:00,1.3849999904632568,1.3899999856948853,1.309999942779541,1.3109999895095825,111800.0
2024-10-28 00:00:00,1.4600000381469727,1.5399999618530273,1.3550000190734863,1.399999976158142,319500.0
2024-10-29 00:00:00,1.4199999570846558,1.5,1.4199999570846558,1.4600000381469727,54700.0
2024-10-30 00:00:00,1.3949999809265137,1.409999966621399,1.3799999952316284,1.409999966621399,36600.0
2024-10-31 00:00:00,1.3739999532699585,1.409999966621399,1.350000023841858,1.3899999856948853,17300.0
2024-11-01 00:00:00,1.3300000429153442,1.3899999856948853,1.2999999523162842,1.3899999856948853,55700.0
2024-11-04 00:00:00,1.4199999570846558,1.440000057220459,1.2999999523162842,1.309999942779541,53500.0
2024-11-05 00:00:00,1.3600000143051147,1.440000057220459,1.340000033378601,1.3899999856948853,32200.0
2024-11-06 00:00:00,1.3990000486373901,1.4500000476837158,1.3700000047683716,1.4500000476837158,23500.0
2024-11-07 00:00:00,1.3250000476837158,1.3960000276565552,1.3200000524520874,1.3960000276565552,55200.0
2024-11-08 00:00:00,1.3200000524520874,1.3530000448226929,1.309999942779541,1.3350000381469727,30700.0
2024-11-11 00:00:00,1.3200000524520874,1.409999966621399,1.2999999523162842,1.409999966621399,157500.0
2024-11-12 00:00:00,1.3300000429153442,1.3300000429153442,1.2999999523162842,1.3300000429153442,54100.0
2024-11-13 00:00:00,1.309999942779541,1.4049999713897705,1.2999999523162842,1.399999976158142,49800.0
2024-11-14 00:00:00,1.315000057220459,1.3300000429153442,1.2999999523162842,1.315000057220459,61300.0
2024-11-15 00:00:00,1.3200000524520874,1.3300000429153442,1.2999999523162842,1.3300000429153442,95400.0
2024-11-18 00:00:00,1.309999942779541,1.3200000524520874,1.3049999475479126,1.309999942779541,18600.0
2024-11-19 00:00:00,1.309999942779541,1.3200000524520874,1.2999999523162842,1.2999999523162842,46700.0
2024-11-20 00:00:00,1.2999999523162842,1.315999984741211,1.2999999523162842,1.309999942779541,87900.0
2024-11-21 00:00:00,1.309999942779541,1.350000023841858,1.2799999713897705,1.3200000524520874,146900.0
2024-11-22 00:00:00,1.3550000190734863,1.3849999904632568,1.309999942779541,1.309999942779541,22900.0
2024-11-25 00:00:00,1.4600000381469727,1.5,1.350000023841858,1.3600000143051147,202200.0
2024-11-26 00:00:00,1.3799999952316284,1.4900000095367432,1.3760000467300415,1.4900000095367432,51600.0
2024-11-27 00:00:00,1.4880000352859497,1.4880000352859497,1.3799999952316284,1.3799999952316284,126500.0
2024-11-29 00:00:00,1.8600000143051147,1.8899999856948853,1.5,1.5299999713897705,858600.0
2024-12-02 00:00:00,2.4100000858306885,2.8499999046325684,2.0199999809265137,2.4600000381469727,8269200.0
2024-12-03 00:00:00,2.619999885559082,2.809999942779541,1.9900000095367432,2.5,2132600.0
2024-12-04 00:00:00,2.799999952316284,2.9700000286102295,2.440000057220459,2.680000066757202,1292900.0
2024-12-05 00:00:00,2.359999895095825,3.009999990463257,2.2799999713897705,2.7100000381469727,1154500.0
2024-12-06 00:00:00,2.2100000381469727,2.5799999237060547,2.2100000381469727,2.390000104904175,480400.0
2024-12-09 00:00:00,2.4000000953674316,2.4700000286102295,2.1700000762939453,2.2699999809265137,374300.0
2024-12-10 00:00:00,2.2799999713897705,2.75,2.256999969482422,2.549999952316284,1020100.0
2024-12-11 00:00:00,2.7699999809265137,2.9200000762939453,2.0899999141693115,2.259999990463257,958200.0
2024-12-12 00:00:00,2.9100000858306885,3.0399999618530273,2.5999999046325684,2.7200000286102295,1059000.0
2024-12-13 00:00:00,3.380000114440918,3.5,2.7799999713897705,2.9700000286102295,998400.0
2024-12-16 00:00:00,3.5399999618530273,3.8499999046325684,3.140000104904175,3.6700000762939453,1533000.0
2024-12-17 00:00:00,3.2200000286102295,3.433000087738037,3.049999952316284,3.369999885559082,468200.0
2024-12-18 00:00:00,3.549999952316284,4.050000190734863,3.25,3.25,1123000.0
2024-12-19 00:00:00,3.2200000286102295,3.950000047683716,3.1500000953674316,3.5,548900.0
2024-12-20 00:00:00,3.2300000190734863,3.6440000534057617,2.880000114440918,3.1500000953674316,482700.0
2024-12-23 00:00:00,3.630000114440918,3.799999952316284,3.2899999618530273,3.2899999618530273,388100.0
2024-12-24 00:00:00,3.9200000762939453,4.130000114440918,3.6760001182556152,3.8299999237060547,516200.0
2024-12-26 00:00:00,4.309999942779541,4.449999809265137,3.799999952316284,3.799999952316284,502500.0
2024-12-27 00:00:00,4.019999980926514,4.46999979019165,3.799999952316284,4.389999866485596,497100.0
2024-12-30 00:00:00,3.9000000953674316,4.21999979019165,3.5999999046325684,4.039999961853027,389500.0
2024-12-31 00:00:00,3.809999942779541,4.190000057220459,3.759999990463257,4.190000057220459,309700.0
2025-01-02 00:00:00,3.4700000286102295,3.809999942779541,3.390000104904175,3.740000009536743,405600.0
2025-01-03 00:00:00,4.289999961853027,4.5,3.5299999713897705,3.5299999713897705,721100.0
2025-01-06 00:00:00,4.659999847412109,4.849999904632568,4.340000152587891,4.5,922800.0
2025-01-07 00:00:00,4.139999866485596,5.0,4.03000020980835,4.909999847412109,821400.0
2025-01-08 00:00:00,4.199999809265137,4.480000019073486,3.819999933242798,4.099999904632568,374500.0
2025-01-10 00:00:00,4.110000133514404,4.420000076293945,3.7699999809265137,4.199999809265137,342600.0
2025-01-13 00:00:00,3.049999952316284,4.050000190734863,2.8299999237060547,4.03000020980835,690300.0
2025-01-14 00:00:00,3.2699999809265137,3.5380001068115234,3.0999999046325684,3.359999895095825,269400.0
2025-01-15 00:00:00,3.569999933242798,3.5999999046325684,3.309999942779541,3.4600000381469727,215200.0
2025-01-16 00:00:00,3.299999952316284,3.5999999046325684,3.180000066757202,3.5399999618530273,341400.0
2025-01-17 00:00:00,3.3399999141693115,3.509999990463257,3.299999952316284,3.3499999046325684,130100.0
2025-01-21 00:00:00,2.7200000286102295,3.359999895095825,2.619999885559082,3.3499999046325684,712600.0
2025-01-22 00:00:00,3.1500000953674316,3.321000099182129,3.0,3.0,679500.0
2025-01-23 00:00:00,2.940000057220459,3.1500000953674316,2.859999895095825,3.0799999237060547,345900.0
2025-01-24 00:00:00,2.8399999141693115,2.950000047683716,2.7049999237060547,2.930000066757202,364300.0
2025-01-27 00:00:00,2.6700000762939453,2.819999933242798,2.5399999618530273,2.7300000190734863,474300.0
2025-01-28 00:00:00,2.9200000762939453,3.180000066757202,2.75,3.109999895095825,1128800.0
2025-01-29 00:00:00,2.8299999237060547,2.930000066757202,2.6700000762939453,2.9200000762939453,198100.0
2025-01-30 00:00:00,2.890000104904175,2.9000000953674316,2.7200000286102295,2.809999942779541,89500.0
2025-01-31 00:00:00,2.8299999237060547,3.128999948501587,2.740000009536743,2.950000047683716,237900.0
2025-02-03 00:00:00,2.759999990463257,2.7909998893737793,2.4200000762939453,2.559999942779541,409700.0
2025-02-04 00:00:00,2.5,2.690000057220459,2.319999933242798,2.6600000858306885,339900.0
2025-02-05 00:00:00,2.5399999618530273,2.740000009536743,2.5299999713897705,2.619999885559082,109400.0
2025-02-06 00:00:00,2.609999895095825,2.8499999046325684,2.553999900817871,2.559999942779541,363200.0
2025-02-07 00:00:00,2.430000066757202,2.7060000896453857,2.4000000953674316,2.6500000953674316,159600.0
2025-02-10 00:00:00,2.609999895095825,2.6700000762939453,2.390000104904175,2.4200000762939453,173500.0
2025-02-11 00:00:00,2.490000009536743,2.640000104904175,2.4600000381469727,2.5899999141693115,136200.0
2025-02-12 00:00:00,2.4800000190734863,2.549999952316284,2.359999895095825,2.440000057220459,151500.0
2025-02-13 00:00:00,2.6600000858306885,2.7200000286102295,2.440000057220459,2.440000057220459,150600.0
2025-02-14 00:00:00,2.6500000953674316,2.799999952316284,2.569999933242798,2.6500000953674316,200700.0
2025-02-18 00:00:00,2.819999933242798,3.0999999046325684,2.759999990463257,2.759999990463257,469300.0
2025-02-19 00:00:00,2.690000057220459,2.9489998817443848,2.5999999046325684,2.930000066757202,240700.0
2025-02-20 00:00:00,2.6449999809265137,2.680000066757202,2.4200000762939453,2.630000114440918,143800.0
2025-02-21 00:00:00,2.4600000381469727,2.799999952316284,2.430000066757202,2.6600000858306885,135300.0
2025-02-24 00:00:00,2.140000104904175,2.4179999828338623,2.071000099182129,2.3499999046325684,306400.0
2025-02-25 00:00:00,2.0199999809265137,2.200000047683716,1.9500000476837158,2.119999885559082,171400.0
2025-02-26 00:00:00,2.2899999618530273,2.3299999237060547,2.0299999713897705,2.0299999713897705,129200.0
2025-02-27 00:00:00,2.1700000762939453,2.380000114440918,2.109999895095825,2.369999885559082,90900.0
2025-02-28 00:00:00,2.0799999237060547,2.1500000953674316,2.049999952316284,2.119999885559082,65400.0
2025-03-03 00:00:00,1.9900000095367432,2.1500000953674316,1.8899999856948853,2.0899999141693115,147900.0
2025-03-04 00:00:00,2.25,2.380000114440918,1.909999966621399,1.940000057220459,130000.0
2025-03-05 00:00:00,2.369999885559082,2.4100000858306885,2.255000114440918,2.299999952316284,107100.0
2025-03-06 00:00:00,2.259999990463257,2.369999885559082,2.240000009536743,2.359999895095825,48100.0
2025-03-07 00:00:00,2.25,2.390000104904175,2.069999933242798,2.2699999809265137,167100.0
2025-03-10 00:00:00,2.140000104904175,2.2300000190734863,2.0399999618530273,2.2100000381469727,229900.0
2025-03-11 00:00:00,2.359999895095825,2.440000057220459,2.109999895095825,2.109999895095825,142200.0
2025-03-12 00:00:00,2.2699999809265137,2.4200000762939453,2.180000066757202,2.4200000762939453,82900.0
2025-03-13 00:00:00,2.0899999141693115,2.299999952316284,2.069999933242798,2.2799999713897705,92500.0
2025-03-14 00:00:00,2.2799999713897705,2.4200000762939453,2.069999933242798,2.069999933242798,194400.0
2025-03-17 00:00:00,2.2100000381469727,2.4100000858306885,2.200000047683716,2.200000047683716,127400.0
2025-03-18 00:00:00,2.180000066757202,2.240000009536743,2.130000114440918,2.240000009536743,21000.0
2025-03-19 00:00:00,2.2699999809265137,2.299999952316284,2.1110000610351562,2.1110000610351562,37400.0
2025-03-20 00:00:00,2.2899999618530273,2.5,2.180000066757202,2.2799999713897705,93200.0
2025-03-21 00:00:00,2.240000009536743,2.299999952316284,2.1700000762939453,2.255000114440918,65700.0
2025-03-24 00:00:00,2.4600000381469727,2.4700000286102295,2.180000066757202,2.25,84500.0
2025-03-25 00:00:00,2.2899999618530273,2.4000000953674316,2.25,2.369999885559082,30300.0
2025-03-26 00:00:00,2.190000057220459,2.3299999237060547,2.1600000858306885,2.3299999237060547,50300.0
2025-03-27 00:00:00,2.109999895095825,2.2799999713897705,2.075000047683716,2.1500000953674316,116000.0
2025-03-28 00:00:00,1.8200000524520874,2.0999999046325684,1.7999999523162842,2.0980000495910645,194300.0
2025-03-31 00:00:00,1.649999976158142,1.753000020980835,1.559999942779541,1.659999966621399,152500.0
2025-04-01 00:00:00,1.5800000429153442,1.718000054359436,1.5800000429153442,1.6699999570846558,42300.0
2025-04-02 00:00:00,1.7400000095367432,1.7999999523162842,1.5019999742507935,1.5399999618530273,128200.0
2025-04-03 00:00:00,1.6200000047683716,1.6950000524520874,1.5499999523162842,1.600000023841858,64300.0
2025-04-04 00:00:00,1.4980000257492065,1.600000023841858,1.4800000190734863,1.5800000429153442,106800.0
2025-04-07 00:00:00,1.5399999618530273,1.590000033378601,1.309999942779541,1.350000023841858,101100.0
2025-04-08 00:00:00,1.4199999570846558,1.6699999570846558,1.4199999570846558,1.590000033378601,75100.0
2025-04-09 00:00:00,1.75,1.75,1.399999976158142,1.409999966621399,102300.0
2025-04-10 00:00:00,1.5809999704360962,1.840000033378601,1.5499999523162842,1.809999942779541,50500.0
2025-04-11 00:00:00,1.6100000143051147,1.7109999656677246,1.562000036239624,1.7109999656677246,28300.0
2025-04-14 00:00:00,1.409999966621399,1.690000057220459,1.3700000047683716,1.590000033378601,191900.0
2025-04-15 00:00:00,1.4500000476837158,1.5199999809265137,1.399999976158142,1.5199999809265137,89100.0
2025-04-16 00:00:00,1.5299999713897705,1.5399999618530273,1.3799999952316284,1.4299999475479126,80300.0
2025-04-17 00:00:00,1.5499999523162842,1.5700000524520874,1.4199999570846558,1.5299999713897705,69300.0
2025-04-21 00:00:00,1.4900000095367432,1.5299999713897705,1.4500000476837158,1.5299999713897705,46900.0
2025-04-22 00:00:00,1.7000000476837158,1.7000000476837158,1.4800000190734863,1.5299999713897705,119200.0
2025-04-23 00:00:00,1.75,1.8969999551773071,1.6299999952316284,1.7339999675750732,93700.0
2025-04-24 00:00:00,1.7599999904632568,1.840000033378601,1.6399999856948853,1.7000000476837158,52700.0
2025-04-25 00:00:00,1.7430000305175781,1.8489999771118164,1.7350000143051147,1.75,20000.0
2025-04-28 00:00:00,1.6699999570846558,1.7400000095367432,1.6399999856948853,1.7079999446868896,14800.0
2025-04-29 00:00:00,1.649999976158142,1.7000000476837158,1.6399999856948853,1.6399999856948853,17300.0
2025-04-30 00:00:00,1.5950000286102295,1.6380000114440918,1.5399999618530273,1.6299999952316284,35300.0
2025-05-01 00:00:00,1.659999966621399,1.659999966621399,1.5839999914169312,1.6399999856948853,25200.0
2025-05-02 00:00:00,1.850000023841858,1.9199999570846558,1.6410000324249268,1.659999966621399,189900.0
2025-05-05 00:00:00,1.8240000009536743,1.9199999570846558,1.7589999437332153,1.850000023841858,51000.0
2025-05-06 00:00:00,1.7999999523162842,1.8480000495910645,1.7699999809265137,1.7699999809265137,40200.0
2025-05-07 00:00:00,1.75,1.7899999618530273,1.7369999885559082,1.75,18800.0
2025-05-08 00:00:00,1.8320000171661377,1.8899999856948853,1.6399999856948853,1.7200000286102295,112900.0
2025-05-09 00:00:00,1.7380000352859497,1.8300000429153442,1.7319999933242798,1.8300000429153442,17700.0
2025-05-12 00:00:00,1.8200000524520874,1.875,1.75,1.75,58200.0
2025-05-13 00:00:00,1.9149999618530273,1.9800000190734863,1.7899999618530273,1.8200000524520874,195000.0
2025-05-14 00:00:00,1.8200000524520874,1.9700000286102295,1.8200000524520874,1.9450000524520874,79400.0
2025-05-15 00:00:00,1.75,1.809999942779541,1.7200000286102295,1.809999942779541,32400.0
2025-05-16 00:00:00,1.7000000476837158,1.8370000123977661,1.590000033378601,1.7799999713897705,266500.0
2025-05-19 00:00:00,1.7699999809265137,1.8600000143051147,1.5880000591278076,1.8600000143051147,305500.0
2025-05-20 00:00:00,1.6799999475479126,1.7619999647140503,1.649999976158142,1.7309999465942383,143700.0
2025-05-21 00:00:00,1.649999976158142,1.7400000095367432,1.6399999856948853,1.6759999990463257,108400.0
2025-05-22 00:00:00,1.5499999523162842,1.75,1.5299999713897705,1.6200000047683716,120700.0
2025-05-23 00:00:00,1.9290000200271606,1.9600000381469727,1.5199999809265137,1.5199999809265137,550300.0
2025-05-27 00:00:00,1.7300000190734863,1.9700000286102295,1.7200000286102295,1.9700000286102295,286100.0
2025-05-28 00:00:00,1.815999984741211,1.875,1.7300000190734863,1.7599999904632568,164700.0
2025-05-29 00:00:00,1.7100000381469727,1.899999976158142,1.694000005722046,1.899999976158142,54000.0
2025-05-30 00:00:00,1.7350000143051147,1.7599999904632568,1.656000018119812,1.7200000286102295,52000.0
2025-06-02 00:00:00,1.7799999713897705,1.8200000524520874,1.7000000476837158,1.7799999713897705,87600.0
2025-06-03 00:00:00,1.850000023841858,2.0,1.7200000286102295,1.7799999713897705,143000.0
2025-06-04 00:00:00,2.140000104904175,2.1689999103546143,1.8799999952316284,1.8899999856948853,374600.0
2025-06-05 00:00:00,2.2699999809265137,2.4600000381469727,2.178999900817871,2.180000066757202,388600.0
2025-06-06 00:00:00,2.259999990463257,2.4149999618530273,2.0899999141693115,2.3499999046325684,273400.0
2025-06-09 00:00:00,2.680000066757202,2.700000047683716,2.299999952316284,2.4100000858306885,382200.0
2025-06-10 00:00:00,2.4100000858306885,2.740000009536743,2.3450000286102295,2.740000009536743,178100.0
2025-06-11 00:00:00,2.3310000896453857,2.4600000381469727,2.299999952316284,2.4600000381469727,57900.0
2025-06-12 00:00:00,2.440000057220459,2.5,2.2100000381469727,2.309999942779541,128300.0
2025-06-13 00:00:00,2.5799999237060547,2.7699999809265137,2.450000047683716,2.6700000762939453,462800.0
2025-06-16 00:00:00,2.990000009536743,3.0,2.559999942779541,2.680000066757202,532400.0
2025-06-17 00:00:00,2.619999885559082,3.0399999618530273,2.4000000953674316,3.0299999713897705,589100.0
2025-06-18 00:00:00,2.7200000286102295,3.200000047683716,2.565000057220459,2.5899999141693115,673400.0
2025-06-20 00:00:00,3.450000047683716,3.5199999809265137,2.750999927520752,2.9800000190734863,738100.0
2025-06-23 00:00:00,2.9700000286102295,3.4089999198913574,2.8499999046325684,3.259999990463257,578600.0
2025-06-24 00:00:00,2.930000066757202,3.0199999809265137,2.640000104904175,3.0199999809265137,286300.0
2025-06-25 00:00:00,2.819999933242798,2.9489998817443848,2.7300000190734863,2.9100000858306885,149900.0
2025-06-26 00:00:00,2.8399999141693115,3.0250000953674316,2.75,2.990000009536743,265100.0
2025-06-27 00:00:00,2.4800000190734863,2.940000057220459,2.4100000858306885,2.7799999713897705,352900.0
2025-06-30 00:00:00,2.5199999809265137,2.799999952316284,2.430000066757202,2.640000104904175,218900.0
2025-07-01 00:00:00,2.640000104904175,2.6500000953674316,2.5,2.640000104904175,65900.0
2025-07-02 00:00:00,2.75,2.7799999713897705,2.5799999237060547,2.640000104904175,128500.0
2025-07-03 00:00:00,2.940000057220459,2.9800000190734863,2.680000066757202,2.680000066757202,100000.0
2025-07-07 00:00:00,2.8299999237060547,3.1050000190734863,2.7200000286102295,2.950000047683716,279200.0
2025-07-08 00:00:00,2.619999885559082,2.9749999046325684,2.559999942779541,2.9000000953674316,324500.0
2025-07-09 00:00:00,2.9000000953674316,2.9100000858306885,2.609999895095825,2.609999895095825,159000.0
2025-07-10 00:00:00,2.890000104904175,3.1040000915527344,2.7899999618530273,2.9100000858306885,288500.0
2025-07-11 00:00:00,3.5,3.7100000381469727,2.7699999809265137,2.9100000858306885,1086800.0
2025-07-14 00:00:00,3.390000104904175,3.619999885559082,3.140000104904175,3.549999952316284,603700.0
2025-07-15 00:00:00,3.2200000286102295,3.6500000953674316,3.140000104904175,3.4000000953674316,327100.0
2025-07-16 00:00:00,3.2100000381469727,3.2960000038146973,3.0399999618530273,3.2100000381469727,193100.0
2025-07-17 00:00:00,3.609999895095825,3.640000104904175,3.2309999465942383,3.450000047683716,503000.0
2025-07-18 00:00:00,4.070000171661377,4.150000095367432,3.5199999809265137,3.7200000286102295,1211400.0
2025-07-21 00:00:00,3.5299999713897705,4.5,3.509999990463257,4.400000095367432,1455500.0
2025-07-22 00:00:00,3.369999885559082,3.5850000381469727,3.1500000953674316,3.549999952316284,505300.0
2025-07-23 00:00:00,3.680000066757202,3.890000104904175,3.450000047683716,3.450000047683716,525100.0
2025-07-24 00:00:00,3.680000066757202,3.8359999656677246,3.5,3.700000047683716,170600.0
2025-07-25 00:00:00,3.5399999618530273,3.697000026702881,3.507999897003174,3.690000057220459,148400.0
2025-07-28 00:00:00,3.240000009536743,3.700000047683716,3.2100000381469727,3.640000104904175,247700.0
2025-07-29 00:00:00,3.319999933242798,3.359999895095825,3.0199999809265137,3.299999952316284,358400.0
2025-07-30 00:00:00,3.4700000286102295,3.7899999618530273,3.2009999752044678,3.240000009536743,400600.0
2025-07-31 00:00:00,3.5,3.749000072479248,3.450000047683716,3.6500000953674316,197100.0
2025-08-01 00:00:00,3.200000047683716,3.3519999980926514,3.0,3.3499999046325684,199800.0
2025-08-04 00:00:00,3.299999952316284,3.4200000762939453,3.2170000076293945,3.299999952316284,120600.0
2025-08-05 00:00:00,3.7200000286102295,3.7200000286102295,3.319999933242798,3.359999895095825,255700.0
2025-08-06 00:00:00,3.490000009536743,3.746999979019165,3.4000000953674316,3.700000047683716,289800.0
2025-08-07 00:00:00,3.5299999713897705,3.630000114440918,3.4000000953674316,3.509999990463257,191700.0
2025-08-08 00:00:00,3.559999942779541,3.559999942779541,3.3499999046325684,3.549999952316284,146600.0
2025-08-11 00:00:00,4.050000190734863,4.25,3.440000057220459,3.5,1329200.0
2025-08-12 00:00:00,3.930000066757202,4.199999809265137,3.815000057220459,4.070000171661377,571400.0
2025-08-13 00:00:00,4.199999809265137,4.329999923706055,3.8499999046325684,3.990000009536743,335100.0
2025-08-14 00:00:00,4.400000095367432,4.414999961853027,3.9100000858306885,4.059999942779541,267800.0
2025-08-15 00:00:00,4.059999942779541,4.400000095367432,4.03000020980835,4.400000095367432,162300.0
2025-08-18 00:00:00,4.119999885559082,4.150000095367432,3.9000000953674316,3.9800000190734863,276300.0
2025-08-19 00:00:00,3.9000000953674316,4.590000152587891,3.7200000286102295,4.21999979019165,639400.0
2025-08-20 00:00:00,3.990000009536743,4.019999980926514,3.619999885559082,3.859999895095825,215600.0
2025-08-21 00:00:00,4.340000152587891,4.369999885559082,3.940000057220459,3.940000057220459,213900.0
2025-08-22 00:00:00,4.730000019073486,4.800000190734863,4.150000095367432,4.300000190734863,494300.0
2025-08-25 00:00:00,5.25,5.599999904632568,4.560999870300293,4.75,907100.0
2025-08-26 00:00:00,5.440000057220459,5.5,5.170000076293945,5.340000152587891,358000.0
2025-08-27 00:00:00,5.880000114440918,6.0,5.199999809265137,5.449999809265137,1048200.0
2025-08-28 00:00:00,6.400000095367432,6.599999904632568,5.900000095367432,5.960000038146973,1088900.0
2025-08-29 00:00:00,5.639999866485596,6.400000095367432,5.389999866485596,6.03000020980835,1011200.0
2025-09-02 00:00:00,5.809999942779541,6.079999923706055,5.239999771118164,5.340000152587891,587300.0
2025-09-03 00:00:00,5.429999828338623,5.979000091552734,5.340000152587891,5.920000076293945,275400.0
2025-09-04 00:00:00,5.670000076293945,5.809999942779541,5.300000190734863,5.309999942779541,249700.0
2025-09-05 00:00:00,6.099999904632568,6.5,5.610000133514404,5.739999771118164,668600.0
2025-09-08 00:00:00,6.420000076293945,6.75,6.025000095367432,6.190000057220459,518400.0
2025-09-09 00:00:00,6.269999980926514,6.514999866485596,5.78000020980835,6.400000095367432,584800.0
2025-09-10 00:00:00,6.300000190734863,6.550000190734863,6.1539998054504395,6.389999866485596,242500.0
2025-09-11 00:00:00,6.590000152587891,6.880000114440918,6.420000076293945,6.480000019073486,378600.0
2025-09-12 00:00:00,7.389999866485596,7.800000190734863,6.610000133514404,6.75,860400.0
2025-09-15 00:00:00,7.400000095367432,7.598999977111816,6.78000020980835,7.53000020980835,602400.0
2025-09-16 00:00:00,7.699999809265137,7.840000152587891,6.869999885559082,7.150000095367432,416700.0
2025-09-17 00:00:00,7.519999980926514,8.0,7.5,7.739999771118164,328400.0
2025-09-18 00:00:00,8.0600004196167,8.34000015258789,7.676000118255615,7.679999828338623,611900.0
2025-09-19 00:00:00,8.109999656677246,8.333999633789062,7.429999828338623,8.109999656677246,515900.0
2025-09-22 00:00:00,8.149999618530273,8.399999618530273,7.599999904632568,8.0,368700.0
2025-09-23 00:00:00,8.859999656677246,9.199999809265137,8.010000228881836,8.199999809265137,725100.0
2025-09-24 00:00:00,9.229999542236328,9.239999771118164,8.670000076293945,8.859999656677246,570000.0
2025-09-25 00:00:00,9.579999923706055,9.619999885559082,8.505000114440918,8.960000038146973,683400.0
2025-09-26 00:00:00,10.199999809265137,10.520000457763672,9.291000366210938,9.989999771118164,1716600.0
2025-09-29 00:00:00,9.84000015258789,10.90999984741211,9.279999732971191,10.890000343322754,1136400.0
2025-09-30 00:00:00,9.300000190734863,10.229999542236328,8.649999618530273,9.800000190734863,701100.0
2025-10-01 00:00:00,8.350000381469727,9.33899974822998,8.270999908447266,9.0,577400.0
2025-10-02 00:00:00,9.119999885559082,9.359999656677246,8.149999618530273,8.239999771118164,474200.0
2025-10-03 00:00:00,10.039999961853027,10.079999923706055,9.1850004196167,9.300000190734863,730600.0
2025-10-06 00:00:00,9.869999885559082,11.020000457763672,9.350000381469727,10.300000190734863,818100.0
2025-10-07 00:00:00,8.960000038146973,10.130000114440918,8.75,10.09000015258789,695700.0
2025-10-08 00:00:00,9.279999732971191,9.430000305175781,8.800000190734863,9.109999656677246,315700.0
2025-10-09 00:00:00,8.779999732971191,9.475000381469727,8.619999885559082,9.3100004196167,492500.0
2025-10-10 00:00:00,8.369999885559082,9.170000076293945,8.170000076293945,9.119999885559082,579100.0
2025-10-13 00:00:00,9.630000114440918,10.0,8.720000267028809,8.890000343322754,549300.0
2025-10-14 00:00:00,9.359999656677246,9.66100025177002,8.90999984741211,9.40999984741211,276000.0
2025-10-15 00:00:00,8.609999656677246,10.845000267028809,8.357000350952148,9.520000457763672,978100.0
2025-10-16 00:00:00,7.550000190734863,8.850000381469727,7.099999904632568,8.699999809265137,910800.0
2025-10-17 00:00:00,8.079999923706055,8.279999732971191,7.119999885559082,7.159999847412109,442700.0
